NHN_Watershed_ID,Water,Trees,Flooded_Vegetation,Crops,Built_Area,Bare_Ground,Snow/Ice,Rangeland,Clouds
01AA,1.03,92.42,0.03,0.28,0.38,0.01,NA,5.84,NA
01AB,1.14,92.96,0.01,0.26,0.32,0.01,NA,5.29,NA
01AD,3.54,86.47,0,1.67,1.67,0.05,NA,6.6,NA
01AF,1.05,75.59,0.01,7.3,1.92,0.1,NA,14.03,NA
01AG,2.07,82.03,0.03,7.3,1.07,0.02,NA,7.49,NA
01AH,1.93,81.65,0.02,0.85,0.25,0.01,NA,15.29,NA
01AJ,1.6,68.48,0.03,17.87,2.4,0.05,NA,9.57,NA
01AK,4.05,75.8,0.11,1.56,2.48,0.05,NA,15.95,NA
01AL,0.55,84.72,0.04,0.3,1.05,0.01,NA,13.32,NA
01AM,3.5,77.1,0.54,0.11,1.95,0.02,NA,16.77,NA
01AN,0.74,83.67,0.12,0.37,0.25,0.01,NA,14.85,NA
01AO,10.96,70.3,2.06,0.24,2.39,0.02,NA,14.02,NA
01AP,8.16,71.85,0.31,1.38,3.29,0.08,NA,14.94,NA
01AQ,40.78,51.94,0.1,0.02,0.79,0.05,NA,6.32,NA
01AR,12.68,77.99,0.06,0.02,0.87,0.01,NA,8.37,NA
01BA,0.22,79.49,0,5.3,0.53,0.02,NA,14.45,NA
01BB,0.73,87.21,NA,0.45,NA,NA,NA,11.61,NA
01BC,1,86.94,0,0.8,0.33,0.02,NA,10.92,NA
01BD,2.03,84.28,0,4.94,0.91,0.02,NA,7.81,NA
01BE,0.38,79.78,0,1.8,0.02,0.01,NA,18.01,NA
01BF,7.02,85.34,0.07,0.74,1.42,0.02,NA,5.39,NA
01BG,8.78,85.71,0.02,0.62,0.5,0.01,NA,4.35,NA
01BH,28.21,66.66,0.12,0.23,0.88,0.07,NA,3.84,NA
01BJ,22.66,69.12,0.03,0.32,2.12,0.1,NA,5.64,NA
01BK,1.03,86.85,0.01,0.59,0.27,0.03,NA,11.22,NA
01BL,44.89,42.18,0.94,0.6,2.23,0.03,NA,9.13,NA
01BM,0.76,85.54,0.12,1.24,0.14,0.01,NA,12.18,NA
01BN,0.75,82.36,0.08,0.64,0.28,0.02,NA,15.87,NA
01BO,3,82.82,0.17,0.17,1.44,0.02,NA,12.38,NA
01BP,2.25,87.21,0.08,0.08,0.16,0.01,NA,10.22,NA
01BQ,0.82,85.9,0.02,0.38,0.06,0.06,NA,12.75,NA
01BR,31.54,53.52,2.23,0.22,0.67,0.06,NA,11.77,NA
01BS,28.75,57.57,0.29,1.07,2.22,0.04,NA,10.06,NA
01BT,49.25,38.4,0.35,0.82,2.86,0.01,NA,8.31,NA
01BU,5.81,69.26,0.42,2.59,5.69,0.18,NA,16.05,NA
01BV,42.9,49.13,0.37,0.1,0.55,0.05,NA,6.9,NA
01CA,62.01,21.82,0.15,12,0.84,0.04,NA,3.14,NA
01CB,55.35,13.7,0.03,26.34,1.91,0.03,NA,2.64,NA
01CC,49.3,19.48,0.13,21.94,3.68,0.04,NA,5.42,NA
01CD,55.97,29.07,0.04,10.74,0.52,0.04,NA,3.62,NA
01CE,54.09,26.47,0.03,14.73,1.13,0.01,NA,3.53,NA
01DA,48.47,42.37,0.08,0,1.86,0.02,NA,7.2,NA
01DB,49.77,45.92,0.02,0.02,0.73,0.01,NA,3.54,NA
01DC,32.53,55.75,0.09,3.87,1.76,0.01,NA,5.99,NA
01DD,44.48,37.85,0.1,10.11,2.98,0.02,NA,4.45,NA
01DE,8.91,76.34,0.04,2.2,3.05,0.11,NA,9.34,NA
01DF,21.58,65.63,0.05,1.55,0.89,0.01,NA,10.29,NA
01DG,7.16,74.47,0.1,3.95,4.43,0.1,NA,9.78,NA
01DH,3.05,76.7,0.01,4.71,4.63,0.07,NA,10.83,NA
01DJ,29.05,60.02,0,1.87,0.65,0.07,NA,8.33,NA
01DK,49.24,42.75,0.03,0.35,0.35,0.04,NA,7.25,NA
01DL,8.74,69.81,1.48,1.81,1.66,0.3,NA,16.21,NA
01DM,39.63,47.53,NA,2.93,0.9,NA,NA,9,NA
01DN,32.6,54.85,0.18,1.02,0.91,0.02,NA,10.42,NA
01DO,45.54,44.77,0.05,1.08,0.69,NA,NA,7.87,NA
01DP,23.67,63.57,0.01,0.77,3.68,0.04,NA,8.26,NA
01DQ,49.73,44.85,0.01,0.19,0.77,0.05,NA,4.4,NA
01DR,31.42,56.07,0.05,1.1,1.89,0.06,NA,9.42,NA
01DS,36.85,52.11,0.08,0.63,1.79,0.14,NA,8.41,NA
01EA,34.06,57.44,0.84,0.03,1.56,0.02,NA,6.05,NA
01EB,54.82,40.35,0.31,0,1.09,0.02,NA,3.41,NA
01EC,30.6,64.32,0.14,NA,0.42,0.01,NA,4.52,NA
01ED,29.29,62.75,0.16,0,0.36,0.01,NA,7.43,NA
01EE,28.04,65.05,0.3,0.04,0.57,0.02,NA,6,NA
01EF,13.55,75.94,0.01,0.07,1.44,0.01,NA,8.98,NA
01EG,43.57,50.14,0.21,0.01,1.94,0.02,NA,4.11,NA
01EH,25.61,68.59,0.11,0,3.29,0.07,NA,2.33,NA
01EJ,49.73,36.56,0.12,0.02,11.1,0.08,NA,2.38,NA
01EK,29.93,58.78,0.34,0.78,4.2,0.03,NA,5.95,NA
01EL,46.77,49.05,0.53,0,0.57,0.06,NA,3.01,NA
01EM,25.14,66.23,0.54,NA,0.28,0.01,NA,7.81,NA
01EN,45.7,49.02,0.2,NA,0.17,NA,NA,4.91,NA
01EO,13.21,77.07,0.07,0.09,0.19,NA,NA,9.37,NA
01EP,37.81,52.06,0.27,0.05,0.23,0.01,NA,9.56,NA
01EQ,70.7,21.9,0.62,0,0.19,0.56,NA,6.03,NA
01ER,28.56,63.2,0.03,0,0.51,0.01,NA,7.68,NA
01FA,41.49,51.48,0.02,0.25,0.94,0.02,NA,5.8,NA
01FB,33.01,53.06,0.02,0.08,0.44,0.01,NA,13.39,NA
01FC,60.35,32.38,0.15,NA,0.28,0.01,NA,6.83,NA
01FD,45.07,48.24,0.45,0,0.29,0.03,NA,5.93,NA
01FE,30.95,60.96,0.04,0.06,0.08,0.03,NA,7.88,NA
01FF,9.8,74.6,0.29,0.26,0.81,0.07,NA,14.16,NA
01FG,41.49,53.96,0.04,0.1,0.96,0.01,NA,3.42,NA
01FH,60.68,35.06,0.12,0,1.17,0.01,NA,2.95,NA
01FJ,51.82,41.13,0.41,0.05,2.56,0.06,NA,3.97,NA
201,96.67,3.06,0.04,0,0.08,0.01,NA,0.14,NA
203,91.33,6.66,0.33,0.27,0.49,0.02,NA,0.91,NA
207,98.08,0.41,0.22,0.59,0.59,0.01,NA,0.1,NA
209,92.31,2.28,0.03,2.55,1.69,0.01,NA,1.13,NA
210,76.68,9.55,0.58,4.84,6.39,0.09,NA,1.88,NA
02AA,7.44,87.25,0.06,0.04,0.18,0.03,NA,5,NA
02AB,8.62,79.55,0.22,1.07,1.41,0.09,NA,9.03,NA
02AC,6.82,87.93,0.01,0.01,0.14,0.05,NA,5.03,NA
02AD,25.4,69.32,0.13,0,0.04,0.07,NA,5.03,NA
02AE,6.54,88.22,0.02,NA,0.01,0.09,NA,5.12,NA
02BA,8.66,87.43,0.03,0,0.12,0.03,NA,3.73,NA
02BB,5.9,88.58,0.02,0.01,0.08,0.05,NA,5.35,NA
02BC,8.06,88.77,0.08,0,0.06,0.06,NA,2.98,NA
02BD,12.05,84.8,0.3,0.01,0.09,0.04,NA,2.71,NA
02BE,7.03,90.09,0.08,0,0.01,0.01,NA,2.78,NA
02BF,5.76,92.25,0.18,0.01,0.15,NA,NA,1.65,NA
02CA,13.96,67.97,0.35,4.98,3.03,0.13,NA,9.58,NA
02CB,10.3,85.42,0.05,0,0,0.04,NA,4.18,NA
02CC,10.81,86.08,0.1,0.41,0.18,0.03,NA,2.39,NA
02CD,16.47,77.16,1.11,0.03,0.74,0.02,NA,4.46,NA
02CE,10.35,83.22,0.12,0.21,0.27,0.01,NA,5.83,NA
02CF,10.75,73.72,0.57,0.73,3.74,0.25,NA,10.23,NA
02CH,16.59,73.15,1.31,0,1.09,0.05,NA,7.81,NA
02DA,12.79,80.38,0.28,0,0.16,0.03,NA,6.36,NA
02DB,4.56,74.75,0.14,0.09,1.87,0.4,NA,18.19,NA
02DC,13.71,83.1,0.26,0.07,0.28,0.01,NA,2.57,NA
02DD,15.1,73.67,0.89,1.35,1.77,0.04,NA,7.19,NA
02EA,8.62,79.86,2.48,0.05,1.45,0.03,NA,7.51,NA
02EB,15.01,77.97,1.98,0.04,2,0.03,NA,2.98,NA
02EC,16.09,44.45,3.55,20.37,7.96,0.23,NA,7.35,NA
02ED,0.75,43,0.19,41.8,7.87,0.29,NA,6.1,NA
02FA,3.45,58.39,0.65,27.05,1.95,0.14,NA,8.37,NA
02FB,0.91,44.54,0.02,40.68,4.4,0.14,NA,9.31,NA
02FC,0.73,33.28,0.01,60.33,2.95,0.08,NA,2.63,NA
02FD,0.13,15.07,0,80.81,3,0.06,NA,0.92,NA
02FE,0.53,16.17,0.26,79.65,3.01,0.04,NA,0.34,NA
02FF,0.36,12.44,0,82.39,4.3,0.11,NA,0.39,NA
02GA,1.45,18.33,0.04,66.41,11.38,0.19,NA,2.2,NA
02GB,1.49,21.82,0.03,63.79,10.48,0.14,NA,2.25,NA
02GC,0.39,19.73,0.33,72.67,6.28,0.03,NA,0.56,NA
02GD,0.85,10.34,0,78.57,9.15,0.18,NA,0.9,NA
02GE,1.13,10.27,0.02,80.52,7.24,0.05,NA,0.78,NA
02GF,0.22,14.96,NA,80.95,3.46,NA,NA,0.41,NA
02GG,13.38,14.33,1.24,59.73,9.45,0.08,NA,1.79,NA
02GH,4.82,6.83,0.37,28.15,56.35,0.19,NA,3.28,0.01
02HA,2.83,26.59,0.19,42.46,23.71,0.08,NA,4.14,NA
02HB,2.22,28.5,0.03,28.38,33.53,0.56,NA,6.78,NA
02HC,0.73,16.81,0,24.5,50.84,0.5,NA,6.62,NA
02HD,0.28,35.23,0.03,43.19,16.21,0.3,NA,4.76,NA
02HF,11.9,76.88,1.19,3.42,1.82,0.05,NA,4.74,NA
02HG,6.93,28.59,0.56,53.62,5.62,0.15,NA,4.52,NA
02HH,10.98,56.35,2.63,17.37,4.3,0.3,NA,8.07,NA
02HJ,6.92,35.47,0.17,42.04,8.49,0.11,NA,6.81,NA
02HK,5.7,59.2,3.41,20.08,3.21,0.08,NA,8.31,NA
02HL,3.11,62,8.64,10.15,3.34,0.1,NA,12.66,NA
02HM,4.4,44.42,5.64,21.41,5.7,0.05,NA,18.39,NA
02JA,14.7,80.15,0.12,0.01,0.01,0.04,NA,4.99,NA
02JB,11.62,77.59,0.08,0.64,0.64,0.12,NA,9.29,NA
02JC,4.93,77.71,0.1,7.88,0.78,0.07,NA,8.54,NA
02JD,10.59,79.74,0.07,0.16,0.16,0.03,NA,9.26,NA
02JE,14.12,78.34,0.1,3.26,0.56,0.1,NA,3.52,NA
02KA,8.49,87.7,0.06,0.09,0.41,0.03,NA,3.22,NA
02KB,8.78,88.24,0.09,0,0.28,0.02,NA,2.58,NA
02KC,7.66,66.93,0.41,15.23,2.33,0.04,NA,7.39,NA
02KD,9.44,85.8,0.18,0.15,0.61,0.01,NA,3.8,NA
02KE,8.5,80.58,0.2,2.32,1.01,0.01,NA,7.39,NA
02KF,8.6,58.13,1.9,12.07,5.98,0.14,0.01,13.18,NA
02KG,10.15,86.56,0.07,0.04,0.1,NA,NA,3.08,NA
02KH,10.74,87.9,0.09,NA,0.02,NA,NA,1.24,NA
02KJ,11.84,85.99,0.03,NA,0.01,NA,NA,2.13,NA
02LA,6.78,44.43,3.94,18.8,9.48,0.11,NA,16.46,NA
02LB,3.04,30.31,0.27,54.38,7.45,0.07,NA,4.49,NA
02LC,6.85,80.74,0.06,3.07,3.27,1.19,NA,4.8,NA
02LD,9.75,77.72,0.19,3.34,1.42,0.23,NA,7.35,NA
02LE,9.13,84.15,0.04,1.1,0.72,0.03,NA,4.82,NA
02LF,10.14,80.88,0.41,1.89,1.47,0.03,NA,5.17,NA
02LG,13.03,82.48,0.07,0.01,0.05,0.03,NA,4.33,NA
02LH,9.23,80.95,0.16,0.96,2.27,0.06,NA,6.37,NA
02MA,21.42,38.55,2.75,17.76,6.38,0.19,NA,12.95,NA
02MC,8.26,57.89,0.23,22.68,4.95,0.05,NA,5.93,NA
02NA,18.29,71.27,0.66,0.03,0.03,0.02,NA,9.71,NA
02NB,13.49,80.18,0.21,0.02,0.03,0.01,NA,6.07,NA
02NC,7.92,70.52,0.17,0.01,0.02,0.04,NA,21.31,NA
02ND,7.78,82.6,0.04,0.02,0.02,0.26,NA,9.29,NA
02NE,7.17,85.73,0.06,0.07,0.22,0.46,NA,6.29,NA
02NF,9.64,85.01,0.02,0,0.2,0.09,NA,5.04,NA
02NG,7.47,81.95,0.26,1.59,3.82,0.4,NA,4.51,NA
02OA,2.52,43.02,0.04,39.38,10.71,0.2,NA,4.14,NA
02OB,3.8,66.01,0.02,19.85,6.37,1.19,0.01,2.77,NA
02OC,5.73,74.76,0.07,12.56,2.6,0.93,NA,3.35,NA
02OD,0.93,51.79,0.02,36.36,4.46,0.11,NA,6.33,NA
02OE,4.32,74.74,0.02,9.03,3.7,0.04,NA,8.14,NA
02OF,3.41,61.46,0.01,19.78,8.63,0.09,NA,6.62,NA
02OG,1.16,40.3,0.03,46.3,7.73,0.26,NA,4.22,NA
02OH,13.91,62.92,0.08,11.67,4.76,0.07,NA,6.59,NA
02OJ,2.75,19.84,0,62.66,12.74,0.18,NA,1.82,NA
02PA,6.63,82.23,0.01,6.36,1.28,0.04,NA,3.44,NA
02PB,4.15,84.9,0.02,7.55,1.16,0.02,NA,2.21,NA
02PC,3.68,84.11,0.08,6,2.85,0.06,NA,3.21,NA
02PD,1.9,78.87,0.03,1.89,13.04,0.08,NA,4.18,NA
02PE,1.78,87.51,0.01,1.88,1.7,0.07,0.01,7.03,NA
02PF,4.76,89.58,0.12,0.3,0.67,0.04,0.01,4.51,NA
02PG,1.07,76.74,0.02,13.05,2.7,0.02,NA,6.39,NA
02PH,0.79,70.08,0.09,19.32,3.7,0.03,NA,5.99,NA
02PJ,1.55,73.79,0.02,10.68,4.1,0.04,NA,9.81,NA
02PK,0.26,62.12,0.01,28.55,3.07,0.03,NA,5.95,NA
02PL,1.77,62.5,0.03,21.88,3.99,0.28,NA,9.55,NA
02QA,2.89,77.48,0.01,9.78,1.67,0.04,NA,8.13,NA
02QB,0.95,87.68,0,3.44,0.7,0.01,NA,7.2,NA
02QC,0.94,91.52,0.03,0.33,0.28,0.02,NA,6.88,NA
02RA,11.25,43.71,10.29,0,0,0.2,0.04,34.52,NA
02RB,7.58,74.97,0.64,0.01,0.01,0.04,NA,16.73,NA
02RC,10.51,69.86,0.89,0.85,0.2,0.06,NA,17.63,NA
02RD,7.26,63,2.54,2.25,0.34,0.23,0.01,24.37,NA
02RE,6.85,65.32,1.59,0.03,0.07,0.05,0.01,26.09,NA
02RF,9.73,67.63,2.25,0.68,0.14,0.02,NA,19.55,NA
02RG,22.47,65.74,0.05,4.22,1.2,0.03,NA,6.27,NA
02RH,7.42,82.99,0.16,2.45,1.55,0.09,NA,5.35,NA
02SA,15.17,73.39,1.37,0,0.01,0.15,0.02,9.88,NA
02SB,11.02,78.32,1.11,0,0.03,0.06,0.01,9.45,NA
02SC,8.32,84.84,0.27,0.15,0.15,0.12,0.01,6.15,NA
02TA,8.71,38.35,12.45,NA,NA,0.17,0.23,40.1,NA
02TB,16.66,59.68,7.02,0,0.01,0.83,0.18,15.63,NA
02TC,11.89,76.07,0.94,0,0.08,0.06,0.06,10.9,NA
02TD,11.54,55.76,6.68,NA,0,0.15,0.03,25.83,NA
02TE,14.48,79.22,1.25,0.02,0.12,0.1,0.02,4.78,NA
02UA,8.81,82.44,1.71,0,0.12,0.06,0.02,6.84,NA
02UB,10.96,71.99,4.03,0,0.06,2.23,0.32,10.41,NA
02UC,10.21,55.54,5.43,0,0.04,0.84,0.19,27.75,NA
02VA,8.64,84.02,2.2,NA,0.03,0.01,0.13,4.96,NA
02VB,15.68,67.19,5.1,0,0.13,0.11,0.32,11.48,NA
02VC,12.69,65.04,7.62,0,0.06,0.32,0.63,13.64,NA
02WA,28.58,53.39,5.72,0,0.08,0.04,0.07,12.12,NA
02WB,10.78,69.44,7.07,0,0.01,0.6,0.29,11.8,NA
02WC,28.05,51.42,6.96,0,0.02,0.13,0.05,13.37,NA
02WD,42.11,49.88,1.8,0.04,0.01,0.06,NA,6.09,NA
02WE,93.97,2.33,0.42,0.03,1.03,0.37,NA,1.85,NA
02XA,18.69,59.22,7.26,0,0.03,0.7,0.22,13.89,NA
02XB,11.57,69.97,3.04,NA,0.02,0.07,NA,15.33,NA
02XC,12.86,66.86,8.65,NA,0.02,0.12,0.02,11.48,NA
02XD,46,28.31,10.52,0,0.07,0.04,0.38,14.67,NA
02YA,52.44,10.5,31.81,0,0.32,0.42,0.04,4.46,NA
02YB,58.06,21.16,15.09,0,0.12,0.22,0.02,5.34,NA
02YC,41.43,28.33,20.76,0.01,0.25,0.58,0.08,8.57,NA
02YD,23.58,33.27,35.82,0,0.09,1.31,0.19,5.75,NA
02YE,33.98,40.66,15.47,0,0.15,0.11,0.03,9.59,0.01
02YF,29.64,39.65,26.03,0,0.02,0.48,0.14,4.04,0.01
02YG,30.3,49.62,12.3,0,0.09,0.05,NA,7.64,NA
02YH,32.25,43.54,5.85,0.01,0.38,0.39,NA,17.57,NA
02YJ,51.22,33.74,0.67,0.02,0.63,0.3,NA,13.41,NA
02YK,15.62,52.22,13.2,0,0.08,0.14,0.01,18.72,NA
02YL,17.37,59.12,8.68,0.19,0.96,0.22,0.01,13.46,NA
02YM,59.28,27.51,7.33,NA,0.25,0.09,NA,5.55,NA
02YN,13.03,38.05,23.25,0,0.12,0.3,0.06,25.19,NA
02YO,24.76,53.36,7.47,0.05,0.49,0.03,NA,13.83,NA
02YP,28.87,50.55,10.61,0.02,0.19,0.04,NA,9.72,NA
02YQ,15.12,53.9,11.56,0,0.28,0.05,NA,19.09,NA
02YR,46.03,30.58,8.69,0,0.28,0.07,NA,14.35,NA
02YS,33.16,35.05,14.88,0.04,0.41,0.02,NA,16.44,NA
02ZA,24.99,49.51,12.15,0.12,0.26,0.06,0.02,12.88,NA
02ZB,35.36,12.7,31.72,0,0.29,0.06,0.09,19.77,NA
02ZC,26.67,14.11,40.86,0,0.27,0.02,0.01,18.05,0.01
02ZD,25.99,8.04,45.08,NA,0.81,0.09,0.01,19.98,NA
02ZE,20.31,25.41,34.05,0,0.13,0.03,NA,20.07,NA
02ZF,50.05,11.23,22.4,0,0.14,0.03,NA,16.15,NA
02ZG,53.79,11.71,14.47,0,0.49,0.07,NA,19.48,NA
02ZH,38.71,11.32,36.71,0,0.1,0.01,NA,13.15,NA
02ZJ,54.26,30.69,5.94,0,0.72,0.01,NA,8.38,NA
02ZK,38.89,25.09,13.48,0,0.62,0.06,NA,21.86,NA
02ZL,55.62,26.96,4.18,0.01,4.31,0.09,NA,8.82,0.01
02ZM,46.94,22.64,12.04,0.14,3,0.04,NA,15.19,NA
02ZN,42.46,18.77,19.47,0,0.37,0.03,NA,18.91,NA
03AA,13.39,66.98,0.91,0.03,0.1,0.04,0.01,18.54,NA
03AB,10.44,72.9,0.23,0.01,0.01,0.04,NA,16.37,NA
03AC,8.3,75.21,0.42,0.14,0.13,0.05,0.02,15.74,NA
03AD,9.8,55.11,8.48,0.01,0.01,0.28,0.01,26.31,NA
03BA,22.66,41.01,8.17,0,0.02,0.05,0.03,28.05,NA
03BB,20.78,34.25,5.26,0,0,0.19,0.09,39.43,NA
03BC,15.5,32.32,5.19,0,0.06,0.11,0.16,46.66,NA
03BD,14.59,58.95,1.31,0.01,0,0.13,0.03,24.98,NA
03BE,11.9,44.25,8.15,NA,0,0.14,0.01,35.54,NA
03BF,6.8,31.46,6.93,0,0.02,0.05,0.02,54.72,NA
03BG,7.3,30.16,5.44,0.01,0.02,0.16,NA,56.91,NA
03CA,14.17,20.78,22.65,NA,0.01,0.12,0.19,42.08,NA
03CB,18.37,33.47,8.38,NA,0,0.18,0.14,39.45,NA
03CC,8.89,19.85,3.87,0,0.05,0.04,0.03,67.27,NA
03CD,16.93,23.69,7.35,NA,0,0.01,0.26,51.75,NA
03CE,24.3,30.24,6.41,0.02,0.05,0.03,0.11,38.84,NA
03DA,21.23,13.02,25.46,NA,0,0.33,1.01,38.95,NA
03DB,14.21,12.54,21.35,NA,NA,0.24,1.17,50.49,NA
03DC,30.76,19.07,17.37,NA,0.01,0.37,0.51,31.9,NA
03DD,16.39,17.72,19.51,NA,0,0.14,0.26,45.97,NA
03DE,20.97,33.37,4.5,NA,0.01,0.01,0.03,41.1,NA
03DF,12.2,30.45,2.92,NA,0.24,0.31,0.11,53.77,NA
03DG,14.35,23.16,3.72,0,0.04,0.48,0.18,58.07,NA
03DH,9.42,21.41,2.48,0.01,0.04,0.08,0.04,66.51,NA
03EA,19.57,8.07,33.3,NA,0,0.06,3.64,35.36,NA
03EB,15.26,12.17,7.17,NA,NA,0.05,0.85,64.49,NA
03EC,19.06,15.16,4.82,0,NA,0.21,0.37,60.37,NA
03ED,14.46,16.64,5.27,0,0.02,0.44,1.3,61.86,NA
03EE,23.08,12.26,6.83,0,0.02,0.1,0.91,56.8,NA
03EF,37.18,15.94,1.38,0,NA,0.28,2.05,43.16,NA
03FA,19.89,3.45,10.94,NA,NA,0.04,13.53,52.15,NA
03FB,25.39,7.7,4.26,0,0,0.23,10.24,52.17,NA
03FC,16.12,7.88,18.58,NA,NA,0.07,4.62,52.73,NA
03GA,19.63,0.7,2.94,0,0,1.17,10.47,65.08,NA
03GB,24.71,0.02,13.81,0,0.01,0.25,6.58,54.62,NA
03GC,21.4,0.04,15.93,0,0,0.08,9.86,52.69,NA
03GD,18.85,0.04,5.26,0,0,0.4,6.02,69.43,NA
03GE,15.6,0.11,10.85,0,0,0.46,3.67,69.3,NA
03HA,12.4,0.03,6.71,NA,0,0.55,10.19,70.11,NA
03HB,17.23,0.12,0.34,0,NA,0.3,4.5,77.51,NA
03HC,33.47,0.02,0.56,0,0,4.49,5.42,56.04,NA
03JA,17.23,0.21,8.11,NA,NA,0.02,13.79,60.63,NA
03JB,10.64,1.13,22.32,NA,NA,0.04,9.76,56.11,NA
03JC,25.09,2.24,19.15,NA,0,0.13,6.97,46.42,NA
03JD,19.92,0.06,25.06,0,NA,0.24,5.21,49.51,NA
03KA,5.38,4.07,13.79,NA,NA,0.18,26.16,50.42,NA
03KB,8.86,9.56,6.96,NA,NA,0.09,16.17,58.36,NA
03KC,7.08,15.49,8.14,NA,NA,1.49,16.27,51.53,NA
03KD,4.15,0.91,53.24,NA,NA,NA,10.56,31.14,NA
03KE,12.63,24.25,9.25,NA,0.03,0.83,11.77,41.23,NA
03LA,22.75,24.3,20.06,NA,0.01,0.19,1.35,31.35,NA
03LB,29.05,25.03,5.28,NA,0,0.03,1.8,38.8,NA
03LC,12.7,25.47,4.44,NA,NA,0.14,3,54.24,NA
03LD,18.85,40.19,9.68,0,0.01,0.41,3.61,27.25,NA
03LE,9.41,16.76,3.95,0,NA,1.6,9.9,58.37,NA
03LF,8.65,27.81,7.97,0,NA,3.27,11.67,40.63,NA
03MA,14.07,31.55,15.25,NA,NA,0.26,2.64,36.23,NA
03MB,19.42,15.54,16.62,NA,0,0.37,5.13,42.91,NA
03MC,22.85,5.35,15.28,NA,0,0.09,3.96,52.48,NA
03MD,13.05,13.67,14.83,NA,NA,0.03,4.46,53.96,NA
03ME,10.4,5.82,0.89,NA,0.01,0.22,4.76,77.89,NA
03MF,28.92,2.57,0.83,0,0,5.32,4.69,57.67,NA
03NA,33.1,0.4,0.12,0,NA,15.85,4.79,45.75,NA
03NB,26.69,2.06,0.28,0,NA,4.4,4.2,62.37,NA
03NC,29.2,14.07,0.74,0,NA,1.08,2.38,52.54,NA
03ND,30.59,7.3,3.46,0.01,0,0.66,3.26,54.73,NA
03NE,26.12,16.28,6.29,0,0.01,0.19,4.62,46.49,NA
03NF,22.87,22.59,6.74,0,0,0.41,8.61,38.77,NA
03NG,24.4,25.84,11.99,NA,0,1.25,4.45,32.06,NA
03NH,39.97,30.09,12.47,NA,0,0.14,1.41,15.92,NA
03OA,15.61,27.64,19.34,0,0.05,0.28,1.42,35.66,NA
03OB,31.78,25.06,18.9,0,0,0.45,3.07,20.73,NA
03OC,17.63,43.3,23.05,NA,0,0.49,0.85,14.69,NA
03OD,8.49,49.76,17.72,0,0,5.75,7.74,10.54,NA
03OE,9.4,70.5,9.9,0.01,0.05,1.5,1.76,6.88,NA
03PA,11.05,37.81,10.77,NA,0,3.63,9.84,26.9,NA
03PB,9.88,59.32,6.98,NA,0.01,0.5,9.28,14.04,NA
03PC,11.06,52.56,9.12,0.01,0.14,0.82,13.37,12.91,NA
03PD,24.81,51.93,5.76,NA,0.02,0.44,0.58,16.46,NA
03PE,27.6,43.03,8.72,NA,0.01,0.64,0.47,19.52,NA
03QA,20.9,59.13,9.69,0,0.01,0.06,0.1,10.12,NA
03QB,21.67,54.93,7.42,0,0.02,0.02,0.04,15.9,NA
04AA,21.51,67.31,0.69,0,0.02,0.06,0.06,10.35,NA
04AB,4.81,42.36,33.12,NA,NA,0.04,0.29,19.38,NA
04AC,20.89,66.6,0.77,0,0.07,0.22,0.06,11.39,NA
04AD,13.29,67.88,6.52,NA,0.01,0.04,0.1,12.17,NA
04AE,4.51,55.61,16.69,NA,0,0.03,0.06,23.11,NA
04AF,13.59,74.82,1.73,0,0,0.12,0.24,9.49,NA
04BA,9.7,11.95,61.03,NA,NA,0.15,0.5,16.66,NA
04BB,6.64,12.91,59.15,NA,NA,0.56,0.82,19.91,NA
04BC,10.63,7.25,57.18,NA,NA,0.14,2.04,22.75,NA
04CA,12.7,68.1,0.33,0,0.02,0.05,NA,18.79,NA
04CB,15.6,70.58,0.39,0,0.01,0.01,0.01,13.42,NA
04CC,10.66,49.47,20.53,NA,0.01,0.09,0.24,19,NA
04CD,9.01,52.84,15.65,NA,0.01,0.08,0.07,22.33,NA
04CE,13.35,40.8,31.01,NA,0.02,0.28,0.19,14.36,NA
04CF,2.94,10.31,72.56,NA,0,0.18,1,13,NA
04DA,16.84,63.4,0.95,0,0.02,0.03,0.04,18.72,NA
04DB,10.57,39.67,25.45,0,0.01,0.11,0.19,24.01,NA
04DC,4.15,3.48,86.65,NA,0.01,0.07,0.07,5.59,NA
04DD,14.35,1.77,68.08,0.01,NA,0.05,2.25,13.48,NA
04EA,4.19,11.47,62.81,NA,NA,0.06,NA,21.47,NA
04EB,4.41,11.55,68.47,NA,NA,0.11,NA,15.46,NA
04EC,13.98,8.65,53.48,0.01,0.05,0.14,0.02,23.67,NA
04ED,11.73,3.22,68.06,NA,0.02,0.06,0.02,16.89,NA
04FA,9.13,77.67,0.4,0,0.01,0.02,NA,12.77,NA
04FB,11.6,58.26,5.59,NA,0.01,NA,NA,24.54,NA
04FC,4.15,16.25,49.18,0,0,0.04,NA,30.38,NA
04GA,21.54,70.33,0.53,0,0.01,0.01,NA,7.57,NA
04GB,17.34,75.42,0.48,0,0,0.09,NA,6.65,NA
04GC,12.46,73.9,0.31,0,0.01,0.08,NA,13.22,NA
04GD,9.43,76.28,0.68,NA,0,0.01,NA,13.6,NA
04GE,6.07,68.51,0.35,NA,0,0.15,NA,24.92,NA
04GF,4.72,34.48,13.01,NA,0.01,0.01,NA,47.77,NA
04HA,4.07,24.35,30.04,0,0.01,0.26,NA,41.27,NA
04HB,14.29,8.34,60.75,0,NA,0.04,NA,16.58,NA
04HC,1.84,22,33.1,NA,NA,0.03,NA,43.03,NA
04HD,4.45,21.26,36.4,0,NA,0.09,NA,37.8,NA
04JA,8.79,83.91,0.06,0,0.04,0.01,NA,7.19,NA
04JB,1.73,72.73,0.47,0,0,0.47,NA,24.59,NA
04JC,5.49,86.76,0.04,0.01,0.03,0.29,NA,7.37,NA
04JD,6.99,82.65,0.08,0,0.07,0.05,NA,10.15,NA
04JE,3.41,75.58,0.05,NA,NA,NA,NA,20.96,NA
04JF,8.43,74.64,0.21,0,0.02,0.02,NA,16.67,NA
04JG,1.26,64.7,0.53,NA,NA,0.21,NA,33.29,NA
04KA,1.67,56.17,4.68,NA,0,2.29,NA,35.19,NA
04KB,3.54,51.95,10.58,0,0.03,0.23,NA,33.67,NA
04LA,9.33,78.66,0.11,0.12,0.61,0.09,NA,11.09,NA
04LB,3.21,85.97,0.02,0,0.14,0.04,NA,10.61,NA
04LC,7.55,86.5,0.06,0.01,0.03,0.02,NA,5.83,NA
04LD,2.78,89.03,0.01,0,0.12,0.01,NA,8.05,NA
04LE,7.87,87.65,0.05,0,0.14,0.02,NA,4.27,NA
04LF,3.51,89.47,0.03,0.33,0.43,0.03,NA,6.2,NA
04LG,3.61,65.31,1.06,0,0.03,0.76,NA,29.23,NA
04LH,6.27,89.51,0.03,NA,NA,NA,NA,4.2,NA
04LJ,2.81,91.94,0.03,NA,0.05,NA,NA,5.17,NA
04LK,2.98,79.35,0.06,0.03,0.28,0.01,NA,17.28,NA
04LL,3.3,81.52,0.1,0,0.03,0.01,NA,15.04,NA
04LM,1.5,48.51,1.79,NA,0,0.9,NA,47.3,NA
04MA,14.02,71.75,0.16,1.93,0.6,0.04,NA,11.5,NA
04MB,3.96,82.67,0.03,2.47,0.37,0.12,NA,10.39,NA
04MC,4.21,81.34,0.05,0.65,0.44,0.01,NA,13.31,NA
04MD,6.99,83.08,0.07,0.09,0.49,0.53,NA,8.74,NA
04ME,4.48,76.68,0.29,0,0.01,0.13,NA,18.42,NA
04NA,4.7,77.4,0.11,0.91,0.95,0.26,0.02,15.66,NA
04NB,3.44,72.06,0.29,0.01,0.06,0.19,NA,23.94,NA
04NC,6.56,40.73,16.3,0.01,0.01,0.05,NA,36.32,NA
501,69.17,21.06,0.26,1.24,0.15,0.02,NA,8.1,NA
05AA,0.8,50.6,0.01,8.4,0.55,2.6,0.28,36.76,NA
05AB,0.73,13.29,0.03,29.41,0.69,0.21,NA,55.64,NA
05AC,2.18,0.05,0.02,69.74,0.77,0.04,NA,27.2,NA
05AD,2.02,12.21,0.52,36.58,2.06,2.42,0.34,43.85,NA
05AE,2.79,16.29,0.12,24.45,0.62,2.68,0.41,52.64,NA
05AF,1.64,0.08,0.01,40.14,0.52,0.59,NA,57.02,NA
05AG,2.1,0.01,0.01,67.88,2.14,0.03,NA,27.83,NA
05AH,0.84,1.09,0.02,46.12,1.07,0.04,NA,50.81,NA
05AJ,2.13,0,0,57.46,1.08,0.13,NA,39.19,NA
05AK,1.02,0.09,0,14.96,0.36,0.22,NA,83.34,NA
05BA,1.78,48.91,0.02,0,0.15,17.48,15.88,15.77,NA
05BB,1.04,54.83,0.66,0,0.51,19.54,6.32,17.1,NA
05BC,3.18,49.05,0.01,NA,0.04,23.55,9.39,14.78,NA
05BD,3.62,43.34,NA,0,0.01,29.85,7.39,15.79,NA
05BE,3.22,54.08,0.16,0.26,1.86,12.73,1.49,26.21,NA
05BF,2.3,54.64,0,0.02,0.17,19.96,8,14.92,NA
05BG,0.33,57.35,NA,0.02,0.03,21.81,1.94,18.52,NA
05BH,1.2,17.41,0.94,27.99,16.75,1.03,0.01,34.68,NA
05BJ,0.79,48.17,0.01,6.97,6,15.68,1.72,20.65,NA
05BK,0.8,35.19,0.06,21.05,11.23,0.33,0.01,31.33,NA
05BL,0.5,42.49,0.02,18.07,2.15,4.6,0.57,31.61,NA
05BM,2.1,0.67,0.03,68.11,5.15,0.13,NA,23.8,NA
05BN,3.39,0,0.07,27.61,0.34,0.09,NA,68.5,NA
05CA,0.59,58.8,0,2.7,0.4,10.99,2.3,24.22,NA
05CB,0.95,31.96,0.09,46.38,1.51,0.05,NA,19.06,NA
05CC,3.01,18.92,0.06,59.98,3.62,0.02,NA,14.4,NA
05CD,4.65,7.76,4.41,53.52,1.25,0.17,NA,28.24,NA
05CE,0.86,1.39,0.26,82.9,1.5,0.06,NA,13.02,NA
05CF,2.27,0.4,0.11,35.25,0.36,2.05,NA,59.55,NA
05CG,1.72,0.41,0.05,22.73,0.36,0.24,NA,74.49,NA
05CH,0.45,0.02,0.01,14.79,0.11,0.23,NA,84.39,NA
05CJ,1.91,0.15,0.23,31.02,0.9,0.5,NA,65.28,NA
05CK,0.67,0.15,0,30.14,0.21,0.2,NA,68.63,NA
05DA,2.43,33.61,0.1,0,0,25.73,23.17,14.96,NA
05DB,0.65,63.11,0,4.22,0.39,10.27,2.19,19.17,NA
05DC,1.14,75.51,0.04,1.17,0.46,5.57,0.79,15.32,NA
05DD,1.56,67.28,0.04,0.04,0.03,12.35,3.53,15.16,NA
05DE,4.29,49.26,0.11,14.67,1.93,0.75,NA,28.99,NA
05DF,1.35,13.8,0.11,64.39,11.85,0.16,NA,8.34,NA
05EA,4.8,20.98,0.24,51.5,8.6,0.07,NA,13.81,NA
05EB,4.27,17.34,4.18,45.61,11.91,0.09,NA,16.61,NA
05EC,2.53,25.46,0.55,56.8,0.86,0.02,NA,13.77,NA
05ED,6.37,30.33,1.2,43.69,0.9,0.08,NA,17.43,NA
05EE,3.11,6.21,1.64,72.08,0.96,0.06,NA,15.93,NA
05EF,5.51,21.49,2.81,44.95,1.3,0.1,NA,23.84,NA
05EG,6.92,20.61,1.38,50.7,0.73,0.04,NA,19.61,NA
05FA,3.89,10.29,0.65,71.95,2.47,0.04,NA,10.72,NA
05FB,1.67,5.76,1.1,68.08,0.78,0.04,NA,22.57,NA
05FC,1.21,4.17,2.79,57.57,0.88,0.29,NA,33.1,NA
05FD,2.38,9.94,0.35,34.15,0.54,0.26,0.01,52.37,NA
05FE,3.58,5.98,4.54,60.15,0.79,0.1,NA,24.85,NA
05FF,2.79,9.93,2.29,61,0.46,0.03,NA,23.5,NA
05GA,2.46,2.51,0.22,37.84,0.4,0.38,NA,56.18,NA
05GB,2.71,0.75,0.41,68.11,0.5,0.31,NA,27.21,NA
05GC,2.63,1.17,0.24,70.09,0.51,0.43,NA,24.94,NA
05GD,4.13,11,1.13,64.55,0.41,0.12,NA,18.66,NA
05GE,6.03,18.25,2.53,53.62,0.46,0.14,NA,18.96,NA
05GF,5.48,30.41,4.8,39.37,0.34,0.01,NA,19.58,NA
05GG,5.43,41.83,1.75,31.02,1.44,0.02,NA,18.52,NA
05HA,1.21,2.12,0,29.05,0.23,0.63,NA,66.76,NA
05HB,0.66,0.43,0,43.72,0.25,0.41,NA,54.53,NA
05HC,1.14,0.32,0,49.87,0.32,0.39,NA,47.97,NA
05HD,0.8,0.76,0.01,63.14,1.06,0.05,NA,34.18,NA
05HE,7.22,0.37,0.02,45.57,0.24,0.21,NA,46.37,NA
05HF,3.53,0.48,0.01,53.79,0.38,0.63,NA,41.18,NA
05HG,1.97,3.74,0.11,62.62,1.95,0.6,NA,29.01,NA
05HH,4.65,7.13,3.1,70.98,2.04,0.07,NA,12.03,NA
05JA,0.85,0.42,0.02,64.83,0.35,0.12,NA,33.41,NA
05JB,0.39,0.08,0,66.69,0.34,0.06,NA,32.44,NA
05JC,2.23,0.07,0.07,51.81,0.37,0.63,NA,44.81,NA
05JD,5.73,0.33,0.1,48.87,0.32,0.66,NA,43.99,NA
05JE,0.31,0.43,0.02,65.25,0.76,0.09,NA,33.14,NA
05JF,0.31,0.64,0.01,78.14,3.84,0.07,NA,16.99,NA
05JG,1.26,0.36,0.05,54,0.59,0.15,NA,43.59,NA
05JH,3.98,0.66,1.08,55.19,0.61,0.09,NA,38.4,NA
05JJ,2.66,0.91,0.98,63.98,0.61,0.32,NA,30.54,NA
05JK,2.03,3.11,7.82,59.63,0.59,0.02,NA,26.79,NA
05JL,1.53,5.57,0.59,74.33,0.76,0.01,NA,17.21,NA
05JM,1.13,9.66,0.82,61.5,0.8,0.12,NA,25.97,NA
05KA,8.88,6.5,1.24,76.39,0.67,0.03,NA,6.29,NA
05KB,1.13,9.69,0.3,82.96,0.73,0.02,0.01,5.16,NA
05KC,2.63,60.89,3.15,19.69,0.15,0.08,NA,13.41,NA
05KD,9.73,31.22,1.42,40.76,0.53,0.01,NA,16.33,NA
05KE,2.83,64.24,0.14,9.78,0.11,0.01,NA,22.9,NA
05KF,14.87,69.48,0.25,0,0.02,0.01,NA,15.37,NA
05KG,26.06,48.96,0.51,0,0.24,0.06,0.01,24.16,NA
05KH,13.71,50.17,4.8,1.08,0.04,0.02,NA,30.18,NA
05KJ,5.78,54.47,5.7,3.66,0.24,0.02,NA,30.14,NA
05KK,30.13,45.81,1.59,0,0.02,0.02,NA,22.44,NA
05KL,44.97,37.94,4.64,0,0.05,0.02,0.01,12.38,NA
05L0,49.97,31.12,0.5,1.05,0.04,0.33,NA,16.98,NA
05L1,43.49,18.22,0.46,7.01,0.23,0.14,NA,30.45,NA
05LA,4.7,17.12,1.54,62.01,0.49,0.02,0.01,14.12,NA
05LB,2.69,51,1.47,26.27,0.26,0.03,NA,18.28,NA
05LC,8.86,68.5,0.56,4.68,0.09,0.01,NA,17.3,NA
05LD,2.15,68.5,1.63,1.51,0.04,NA,NA,26.17,NA
05LE,5.45,46.03,1.16,34.51,0.35,0.01,NA,12.49,NA
05LF,14.01,63.62,0.61,0.67,0.03,NA,NA,21.06,NA
05LG,1.35,61.62,1.27,8.3,0.13,0.02,NA,27.32,NA
05LH,26.18,42.75,2.3,0,0.07,0.19,NA,28.51,NA
05LJ,7.08,36.46,0.53,43.21,0.52,0.02,NA,12.19,NA
05LK,2.98,38.14,3.61,3.14,0.06,0.05,NA,52.02,NA
05LL,1.95,15.7,1.33,60.66,0.86,0.01,NA,19.49,NA
05LM,11.93,48.68,0.52,4.38,0.09,0.29,NA,34.11,NA
05LN,8.88,26.58,2.23,9.15,0.31,0.21,NA,52.64,NA
05MA,9.68,1.81,1.99,66.39,0.46,0.33,NA,19.33,NA
05MB,2,5.11,0.94,73.25,0.78,0.02,NA,17.91,NA
05MC,2.39,21.33,2.1,53.21,0.47,NA,NA,20.5,NA
05MD,4.4,28.61,1.02,49.72,0.54,0.01,NA,15.7,NA
05ME,2.23,14.35,2.07,60.57,0.73,0.03,NA,20.02,NA
05MF,6.8,29.29,4.3,45.06,0.89,0.02,NA,13.63,NA
05MG,2.22,4.62,1.74,74.57,1.15,0.02,NA,15.67,NA
05MH,1.17,16.73,0.53,61.2,1.99,0.04,NA,18.35,NA
05MJ,1.47,10.62,0.01,76.57,5.29,0.07,NA,5.97,NA
05NA,1.49,0.06,0.1,66.83,0.48,0.19,NA,30.85,NA
05NB,0.96,0.1,0.16,62.95,0.95,0.34,NA,34.55,NA
05NC,1.71,3.5,4.09,55.82,0.51,0.06,NA,34.33,NA
05ND,1.58,1.62,1.13,69.95,1.42,0.03,NA,24.28,NA
05NE,0.9,4.82,3.71,54.05,0.64,0.04,NA,35.85,NA
05NF,1.79,3.34,1.04,71.6,0.83,0.05,NA,21.34,NA
05NG,2.83,6.16,0.58,70.36,0.74,0.02,NA,19.3,NA
05OA,2.41,6.84,0.86,77.18,0.9,0.01,NA,11.81,NA
05OB,0.91,8.63,0.33,84.86,0.9,0.03,NA,4.34,NA
05OC,0.57,9.5,0.13,77.52,2.61,0.02,NA,9.65,NA
05OD,0.24,35.68,0.18,36.82,0.72,0.02,NA,26.34,NA
05OE,0.37,25,0.04,53.28,3.93,0.1,NA,17.29,NA
05OF,0.19,5.38,0.06,92.31,1.37,0.01,NA,0.68,NA
05OG,0.13,5.87,NA,88.45,1.82,0.01,NA,3.72,NA
05OH,0.26,28.72,0.02,40,9.6,0.11,NA,21.3,NA
05OJ,2.85,12.86,1.1,62.29,8.13,0.39,NA,12.38,NA
05PA,18.13,74.68,0.67,0,0.11,0.03,NA,6.38,NA
05PB,20.49,68.9,0.56,0.04,0.16,0.01,NA,9.84,NA
05PC,1.5,60.18,0.01,10.04,1.53,0.29,NA,26.45,NA
05PD,34.89,52.99,0.6,2.57,0.4,0.02,NA,8.54,NA
05PE,21.98,66.98,0.04,0.02,0.71,0.01,NA,10.26,NA
05PF,12.57,68.82,0.16,3.96,1.05,0.01,NA,13.42,NA
05PG,12.64,62.13,0.23,0.02,0.23,NA,NA,24.75,NA
05PH,1.98,63.41,0.15,6.73,0.27,0.01,NA,27.45,NA
05PJ,16.43,49.47,1,0.01,0.1,0.53,NA,32.46,NA
05QA,19.06,72.79,0.2,0.01,0.1,0.01,NA,7.83,NA
05QB,19.78,72.54,0.07,0,0.03,0.02,NA,7.57,NA
05QC,20.31,68.44,0.27,0,0.13,0.03,NA,10.83,NA
05QD,19.2,70.32,0.26,0.12,0.4,0.03,NA,9.67,NA
05QE,21.09,71.46,0.12,0,0.04,0.01,NA,7.28,NA
05RA,7.49,64.45,0.46,0,0.15,0.25,NA,27.2,NA
05RB,13.56,46.62,0.42,0.05,0.09,0.3,NA,38.95,NA
05RC,14.64,69.48,0.27,0,0.03,0.03,NA,15.55,NA
05RD,8.38,48.65,0.35,0.07,0.05,0.28,NA,42.22,NA
05RE,9.62,50.08,0.59,0.02,0.05,0.04,NA,39.59,NA
05RF,2.56,60.22,0.18,NA,NA,NA,NA,37.03,NA
05SA,0.36,52.45,0.04,28.8,0.75,0.08,NA,17.54,NA
05SB,0.67,36.61,3.32,16.14,0.6,0.06,NA,42.6,NA
05SC,0.33,22.41,1.27,53.94,0.89,0.05,NA,21.11,NA
05SD,3.99,49.74,0.98,14.6,0.26,0.02,NA,30.41,NA
05SE,2.38,62.35,0.59,0.47,0,0.01,NA,34.2,NA
05SF,3.41,56.31,0.44,0,NA,0.01,NA,39.83,NA
05SG,4.63,59.14,0.24,0.01,NA,0.03,NA,35.95,NA
05SH,10.39,64.86,1.05,0,NA,0.04,NA,23.66,NA
05TA,21.67,57.47,1.61,NA,0.03,0.04,0.01,19.18,NA
05TB,8.72,73.47,0.52,0,0.04,0.13,NA,17.11,NA
05TC,10.66,76.48,0.94,NA,0.05,0.01,0.01,11.85,NA
05TD,16.93,78.34,0.78,NA,0.1,0.09,0.07,3.69,NA
05TE,9.46,77.28,0.21,NA,0,0.1,NA,12.95,NA
05TF,16.51,71.22,1.3,NA,0.03,0.12,0.08,10.73,NA
05TG,8.15,81.77,2.74,0,0.08,0.08,0.1,7.07,NA
05UA,7.47,53.56,1.31,0.05,0.01,0.06,NA,37.53,NA
05UB,23.25,55.55,0.96,0,0.11,0.02,0.01,20.11,NA
05UC,4.48,66.25,0.99,0,0,0.01,NA,28.28,NA
05UD,20.25,67.67,0.69,0.01,0.07,0.02,0.06,11.23,NA
05UE,16.81,76.03,0.38,NA,0.01,0.01,0.11,6.64,NA
05UF,15.34,63.37,1.87,0,0.06,0.08,0.48,18.81,NA
05UG,7.12,59.37,12.17,NA,0.01,0.03,0.76,20.54,NA
05UH,8.13,24.9,42.67,NA,0.01,1.46,0.69,22.13,NA
06AA,8.75,57.19,0.59,13.03,0.71,0.01,NA,19.71,NA
06AB,5.67,83.43,0.11,0.46,0.14,0.03,NA,10.16,NA
06AC,7.75,48.2,0.57,24.06,1.8,0.06,NA,17.56,NA
06AD,5.17,54.6,3.06,11.92,0.28,0.05,NA,24.93,NA
06AE,9.86,48.58,3.75,15.19,0.24,NA,NA,22.38,NA
06AF,12.67,69.69,0.19,2.58,0.13,0.01,NA,14.72,NA
06AG,20.97,58.48,0.78,NA,0.04,NA,NA,19.72,NA
06BA,16.67,60.77,0.24,0,0.04,0.01,NA,22.27,NA
06BB,15.39,56.75,0.43,0,0.03,0.01,NA,27.39,NA
06BC,11.62,39.47,3.09,NA,0,0.32,0.04,45.46,NA
06BD,12.37,55.52,2.5,NA,NA,0.03,0.01,29.57,NA
06CA,17.13,61.83,0.18,NA,0.04,NA,NA,20.82,NA
06CB,25.82,52.13,0.2,0,0.12,0.01,NA,21.71,NA
06CC,11.12,62.09,0.17,NA,NA,NA,NA,26.62,NA
06CD,21.1,58.49,0.68,0,0.02,0.01,NA,19.68,NA
06CE,18.76,58.43,0.6,NA,NA,NA,0.01,22.2,NA
06DA,25.74,30.68,5.26,0,0.01,0.69,0.74,36.88,NA
06DB,35.55,42.78,1.29,0,0.01,0.93,0.35,19.09,NA
06DC,17.11,63.99,1.1,NA,0.01,0.08,0.06,17.66,NA
06DD,16.83,68.12,1.2,NA,0.03,0.09,NA,13.73,NA
06EA,18.16,66.28,0.52,0,0.04,0.08,0.01,14.92,NA
06EB,20.01,60.63,1.37,0,0.01,0.42,0.27,17.3,NA
06EC,25.54,47.32,3.97,NA,0,0.12,0.72,22.32,NA
06FA,16.93,46.68,6.4,NA,NA,0.12,0.6,29.27,NA
06FB,12.85,22.74,32.68,NA,NA,0.57,1.06,30.1,NA
06FC,12.44,38.58,22.63,NA,NA,0.13,1.22,25,NA
06FD,5.68,20.35,52.2,0,0.01,0.05,1.55,20.17,NA
06FE,13.72,6.94,59.3,0,0,0.13,1.68,18.22,NA
06GA,15.01,43.09,6.54,0,0,0.36,1.19,33.81,NA
06GB,19.93,22.65,3.7,NA,NA,0.12,1.42,52.19,NA
06GC,12.08,24.19,32.76,NA,NA,0.31,0.92,29.73,NA
06GD,18.99,8.5,17.02,0,0,0.03,2.22,53.24,NA
06GE,10.65,6,37.7,0.01,NA,0.09,2.29,43.25,NA
06HA,24.5,7.62,11.3,NA,NA,0.44,8.48,47.67,NA
06HB,14.63,2.34,20.62,NA,0,0.01,7.14,55.26,NA
06HC,14.07,0.52,60.54,0,NA,0.01,1.22,23.64,NA
06HD,18.37,4.09,24.77,NA,NA,0.02,11.4,41.35,NA
06HE,16.03,4.24,45.54,NA,0,0.01,1.32,32.86,NA
06JA,23.03,0.86,21.27,0.01,0,0.26,3.2,51.38,NA
06JB,11.65,0.35,26.63,0,NA,0.17,7.11,54.09,NA
06JC,7.52,0.23,28.68,0.01,NA,0.17,4.77,58.63,NA
06JD,20.11,0.04,10.96,NA,NA,0.44,10.18,58.27,NA
06KA,26.27,9.3,10.58,0,0,0.01,2.29,51.55,NA
06KB,24.65,1.18,15.52,0,NA,0.07,4.73,53.84,NA
06KC,25.87,0.03,24.1,0,NA,0.09,10.16,39.76,NA
06LA,27.61,17.43,7.25,0,0,0.19,2.57,44.94,NA
06LB,17.19,0.64,19.1,NA,NA,0.07,14.96,48.04,NA
06LC,18.3,0.28,21.3,NA,NA,0.06,17.7,42.36,NA
06MA,22.59,0.03,17.62,NA,0.01,0.22,8.74,50.8,NA
06MB,10,0,2.7,NA,0,1.63,19.44,66.23,NA
06MC,18.28,0,28.58,NA,NA,0.73,3.64,48.78,NA
06NA,15.54,2.41,46.78,0,0.01,0.02,3.5,31.74,NA
06NB,21.83,0.64,31.02,0,0,0.16,7.45,38.9,NA
06NC,35.01,0.02,43.54,0,0.02,0.31,1.97,19.12,NA
06OA,13.06,0,21.08,0,NA,2.6,21.84,41.41,NA
06OB,16.2,0,3.88,NA,NA,1.61,28.67,49.64,NA
06PA,58.13,0.29,14.54,0,0,9.22,5.01,12.81,NA
06QA,39.9,0,7.53,0,NA,13.66,11.9,27.01,NA
06RA,18.2,NA,0.45,NA,NA,1.65,29.72,49.97,NA
06RB,11.33,NA,2.44,NA,NA,3.99,37.29,44.95,NA
06RC,16.52,0,9.62,NA,NA,13.63,30.31,29.92,NA
06SA,15.31,0,10.35,0,0,11.59,28.69,34.06,NA
06SB,21.52,0.02,6.63,0.02,0,17.25,20.26,34.29,NA
06SC,25.06,1.68,39.34,0,NA,5.28,23.29,5.36,NA
06SD,14.72,1.17,14.24,0,NA,7.55,29.27,33.05,NA
06SE,25.43,0.24,30.96,0,NA,1.47,23.81,18.09,NA
06TA,35.3,0,2.32,0,0,6.3,21.67,34.41,NA
06TB,42.48,0,1.54,NA,NA,27.83,8.47,19.68,NA
701,83.65,7.84,1.15,0,0.04,0.01,0.11,7.2,NA
710,87.14,5.65,0.84,0,0.03,0.41,0.06,5.88,NA
07AA,1.88,47.29,0.16,0,0.06,16.68,16.37,17.55,NA
07AB,1.25,52.79,0.17,0,NA,14.12,14.77,16.89,NA
07AC,0.62,80.78,0.02,0.25,0.02,2.74,0.71,14.87,NA
07AD,1.6,88.83,0,0.15,0.7,0.36,NA,8.36,NA
07AE,1.11,81.42,0.02,0.17,0.17,0.18,NA,16.93,NA
07AF,0.94,79.59,0,0.46,0.17,2.05,0.14,16.64,NA
07AG,1.26,77.78,0.03,4.14,1.08,0.04,NA,15.67,NA
07AH,1.49,81.7,0.01,1.95,0.34,0.06,NA,14.44,NA
07B0,95.67,2.28,0.36,0.04,0.26,0.01,0.01,1.36,NA
07BA,1.04,79.48,0.01,0.98,0.16,0.14,NA,18.19,NA
07BB,3.32,38.88,0.06,35.88,1.11,0.02,NA,20.73,NA
07BC,2.57,30.7,0.11,55.59,0.86,NA,NA,10.16,NA
07BD,3.13,70.82,0.06,6.49,0.11,0.05,NA,19.34,NA
07BE,3.95,64.52,0.02,17.31,0.73,0.02,NA,13.44,NA
07BF,2.8,75,1.19,8.38,0.22,0.01,NA,12.41,NA
07BG,0.42,90.82,0.04,0.02,0.1,0.02,NA,8.57,NA
07BH,0.24,86.13,0.02,0.53,0.36,0.03,NA,12.69,NA
07BJ,0.39,81.46,0.01,1.78,0.31,0.02,NA,16.03,NA
07BK,2.03,81.84,0.28,0.15,0.24,0.02,NA,15.45,NA
07CA,7.87,66.73,0.22,10.02,0.47,0.02,NA,14.68,NA
07CB,4.07,74.9,0.06,2.5,0.07,0.02,NA,18.37,NA
07CC,1.75,80.88,0.15,0,0.05,0.02,NA,17.15,NA
07CD,8.36,45.88,1.37,0.01,0.11,0.43,0.03,43.82,NA
07CE,5.27,77.3,0.39,0.01,0.17,0.05,NA,16.81,NA
07DA,4.91,72.06,0.34,0.04,0.94,2.22,0.01,19.49,NA
07DB,0.98,85.3,0.05,0,0.04,0.06,NA,13.57,NA
07DC,2.17,66.97,0.19,0,0.04,0.13,0.02,30.47,NA
07DD,8.63,24.97,8.13,0,0,0.21,0.13,57.94,NA
07EA,1.34,59.63,0.06,0,0,2.73,23.06,13.18,NA
07EB,10.16,72.4,0.06,0.03,0.01,1.97,6.26,9.1,NA
07EC,1.03,71.28,0.11,0,0,2.02,8.88,16.68,NA
07ED,3.76,79.82,0.07,0.18,0.01,0.27,0.73,15.16,NA
07EE,5.17,80.48,0.45,0.03,0.09,0.15,2.27,11.35,NA
07EF,6.31,77.09,0.01,0.03,0.01,0.66,6.28,9.61,NA
07FA,0.98,81.85,0.08,1.24,0.37,0.66,1.43,13.38,NA
07FB,0.94,84.74,0.04,0.47,0.18,0.6,2.71,10.34,NA
07FC,0.76,78.56,0.03,7.2,0.26,0.04,0.02,13.12,NA
07FD,1.12,54.53,0.07,30.58,0.52,0.06,0.01,13.12,NA
07GA,0.83,60.64,0.02,0.01,0.07,6.9,11.03,20.51,NA
07GB,1.1,86.02,0.01,0.03,0.05,0.61,1.15,11.02,NA
07GC,0.78,80.29,0.01,0.4,0.02,1.68,2.08,14.75,NA
07GD,1.67,62.95,0.16,24.06,0.52,0.02,NA,10.61,NA
07GE,2.48,47.43,0.16,36.84,3.2,0.12,NA,9.78,NA
07GF,0.85,84.66,0,5.78,0.19,0.1,NA,8.43,NA
07GG,1.25,83.25,0.04,1.47,0.19,0.1,NA,13.7,NA
07GH,3.38,48.96,0.3,30.28,0.5,0.03,NA,16.54,NA
07GJ,1.73,39.13,0.29,46.66,0.56,0.13,NA,11.48,NA
07HA,2.11,67.96,0.11,19.33,0.31,0.04,0.01,10.14,NA
07HB,3.76,87.44,0.23,0.04,0.06,0.02,NA,8.45,NA
07HC,1.06,79.79,0.09,8.6,0.09,0.02,NA,10.35,NA
07HD,4.74,82.43,0.07,5.73,0.02,0.16,NA,6.87,NA
07HE,1.64,87.29,0.54,1.33,NA,NA,NA,9.2,NA
07HF,2.8,69.05,1.33,15.96,0.19,0.09,NA,10.57,NA
07JA,8.66,72.4,0.32,0.03,0.12,0.01,NA,18.45,NA
07JB,4.19,84.66,0.15,0.01,0.02,0.01,NA,10.97,NA
07JC,2.22,86.89,0.8,0,0.08,0.01,NA,10,NA
07JD,1.24,80.02,0.45,10.09,0.22,NA,NA,7.98,NA
07JE,1.75,83.65,0.3,NA,NA,NA,0.01,14.29,NA
07JF,2.33,67.87,3.17,6.74,0.13,0.01,0.01,19.73,NA
07KA,4.86,72.27,3.63,0,0.03,0.09,0.01,19.12,NA
07KB,3.88,64.96,6.14,NA,NA,NA,NA,25.01,NA
07KC,4.05,67.48,3.87,NA,0,0.15,NA,24.44,NA
07KD,0.94,80.75,1.79,NA,0.01,NA,NA,16.5,NA
07KE,1.12,77.68,1.98,NA,NA,0.04,NA,19.18,NA
07KF,20.21,50.81,13.98,0.02,NA,0.03,NA,14.94,NA
07LA,23.9,20.67,6.09,NA,NA,0.28,0.96,48.1,NA
07LB,22.97,31.61,2.2,NA,0.05,0.16,0.51,42.51,NA
07LC,22.94,30.14,4.57,0.05,0.01,0.24,0.89,41.16,NA
07LD,16.82,21.15,2.76,NA,0,0.94,0.3,58.03,NA
07LE,20.32,29.72,2.99,0,0,0.93,0.83,45.21,NA
07MA,8.76,19.65,6.61,0,0,2.05,0.17,62.76,NA
07MB,10.83,8.99,5.25,0,0,1,0.19,73.74,NA
07MC,17.83,38.68,0.72,0,0.03,0.58,0.53,41.63,NA
07MD,13.5,40.53,0.71,NA,0.01,0.02,0.02,45.21,NA
07NA,6.58,62.29,5.67,0.01,0.01,0.08,NA,25.36,NA
07NB,8,62.78,2.19,0.01,0.08,0.09,NA,26.84,NA
07NC,6.62,72.11,12.43,0,NA,0.11,NA,8.73,NA
07OA,3.15,84.86,3.1,NA,0.03,NA,NA,8.85,NA
07OB,1.78,77.2,3.05,0.01,0.05,0.01,0.01,17.89,NA
07OC,1.19,90.64,0.4,0.01,NA,NA,NA,7.75,NA
07PA,6.79,53.77,8.31,0.01,0,0.28,NA,30.83,NA
07PB,2.34,48.91,27.94,0,0,0.2,NA,20.6,NA
07PC,5.12,58.32,4.33,NA,0,0.03,0.01,32.2,NA
07QA,17.78,36.08,6.07,0,0.02,0.17,0.21,39.67,NA
07QB,17.86,20.92,5.97,0,0,0.07,5.02,50.17,NA
07QC,18.87,36.56,3.01,0,0.07,0.02,0.47,41,NA
07QD,22.26,25.48,2.92,0,0.06,0.04,0.85,48.39,NA
07RA,30.24,0.79,9.37,NA,0,0.02,3.73,55.85,NA
07RB,23.05,0.29,17.41,NA,NA,NA,8.67,50.57,NA
07RC,28.5,0.03,15.54,NA,0,0.07,7.51,48.34,NA
07RD,29.01,3.34,18.38,NA,NA,0.01,6.49,42.76,NA
07SA,23.23,12.86,4.99,NA,0.05,0.3,2.15,56.42,NA
07SB,25.64,13.95,2.06,NA,0.13,0.18,0.83,57.21,NA
07SC,24.77,9.88,6.52,NA,0.02,0.06,2.08,56.67,NA
07TA,22.73,19.57,28.81,NA,0,0.06,0.05,28.79,NA
07TB,24.11,17.59,4.93,0,0.06,0.1,0.77,52.44,NA
07UA,8.78,24.35,40.78,0,0,0.05,0.01,26.03,NA
07UB,5.41,43.34,7.42,NA,0,0.03,NA,43.8,NA
07UC,8.52,61.62,3.05,0,0,0.02,0.02,26.78,NA
08AA,5.24,51.06,0.81,0,0.03,3.94,5.83,33.09,NA
08AB,2.6,22.8,0.25,NA,0,13.2,51.84,9.31,NA
08AC,10.85,25.51,0.11,NA,0,7.77,49.69,6.06,NA
08AD,14.45,11.12,0.6,0.01,0,10.23,57.4,6.18,NA
08BA,2.44,46.91,0.27,0,0,2.81,35.41,12.16,NA
08BB,1.15,63.74,0.11,NA,0,2.94,18.43,13.62,NA
08BC,9.06,26.94,0.04,0,0,2.56,57.72,3.69,NA
08BD,23.51,28.84,0.15,0.03,0.22,1.77,43.15,2.34,NA
08BE,4.15,19.43,0.23,0,0.02,2.94,70.12,3.11,NA
08BF,16.85,23.81,0.06,NA,0,4.84,50.36,4.07,NA
08CA,0.99,48.68,0.16,NA,NA,1.18,36.11,12.88,NA
08CB,1.06,65.87,0.03,NA,0,1.35,20.78,10.9,NA
08CC,0.64,33.93,0.03,NA,NA,1.06,58.33,6.03,NA
08CD,2.48,60.08,1.53,NA,NA,0.92,19.69,15.29,NA
08CE,0.93,40.89,0.2,NA,0,5,36.5,16.48,NA
08CF,8.42,34.21,0.44,0.01,0,2.1,52.12,2.72,NA
08CG,1.6,36.37,0.02,NA,0.01,2.41,55.59,4,NA
08DA,1.57,51.74,0.02,0,0,0.7,43.37,2.59,NA
08DB,8.47,52.15,0.03,0.01,0.02,0.97,35.62,2.73,NA
08DD,8.78,46.5,0.28,NA,0,0.83,41.44,2.17,NA
08EA,0.73,58.88,0.14,NA,NA,1.2,32.29,6.74,NA
08EB,1.26,75.32,0.01,0.03,0.08,0.86,17.85,4.6,NA
08EC,6.44,76.31,0.04,0.06,0.02,0.58,5.59,10.97,NA
08ED,4.63,66,0.1,0.04,0.05,1.79,14.57,12.84,NA
08EE,1.2,78.86,0.07,0.61,0.71,0.9,4.4,13.24,NA
08EF,1.03,69.52,0.2,0.01,0.01,1.58,18.04,9.61,NA
08EG,3.25,58.53,0.22,0.01,0.24,1.23,29.58,6.93,NA
08FA,18.49,52.06,0.22,0,0,1.64,24.43,3.15,NA
08FB,4.21,49.26,0.11,0,0.06,5.24,23.24,17.88,NA
08FC,2.27,55.65,0.3,0.01,0.07,1.35,7.68,32.67,NA
08FD,34.49,48.27,1.49,0,0.01,0.34,11.01,4.38,NA
08FE,3.82,44.51,0.01,0,0.01,1.49,44.13,6.04,NA
08FF,6.53,62.29,0.05,0,0.38,0.84,25.42,4.49,NA
08FG,56.39,34.58,3.89,NA,0.01,0.34,0.6,4.18,0.01
08GA,7.08,56.18,0,0,3.23,3.43,22.39,7.68,NA
08GB,33.38,52.95,0.01,0.02,0.95,0.7,6.69,5.3,NA
08GC,15.65,50.33,0,0.01,0.05,2.13,25,6.83,NA
08GD,1.82,35.82,0.03,0,0.01,10.92,39.99,11.41,NA
08GE,1.79,31.86,0.09,0.02,0.01,9.28,36.06,20.88,NA
08GF,21.52,58.55,0.06,0,0,0.67,15.06,4.13,NA
08HA,42.61,46.73,0.03,0.68,3.74,0.16,0.01,6.03,NA
08HB,38.07,50.81,0.04,0.34,2.15,0.1,0.78,7.71,NA
08HC,25.67,68.64,0.01,0,0.01,0.08,1.62,3.97,NA
08HD,9.16,75.55,0.01,0.16,0.39,0.23,1.87,12.64,NA
08HE,30.85,62.87,0.01,0.04,0.06,0.06,0.49,5.63,NA
08HF,38.83,54.09,0.05,0.06,0.11,0.11,0.73,6.01,NA
08JA,10.45,56.04,0.02,0.06,0.01,0.61,5.92,26.89,NA
08JB,8.36,58.03,0.05,0.35,0.43,0.31,0.46,32,NA
08JC,3.22,69.55,0.04,4.82,1.13,0.04,NA,21.21,NA
08JD,6.61,81.34,0.08,0.02,0.01,0.35,3.05,8.53,NA
08JE,10.05,71.45,0.1,0.44,0.17,0.03,0.05,17.72,NA
08KA,1.2,68.39,0.06,0.2,0.06,3.25,13.09,13.75,NA
08KB,1.33,72.28,0.07,0.01,0,2.17,14.77,9.37,NA
08KC,4.66,72.15,0.15,0.94,0.26,0.04,0.01,21.79,NA
08KD,1.79,89.18,0.09,0.12,0.05,0.06,0.7,8.01,NA
08KE,1.88,76.41,0.07,1.54,1.08,0.24,0.01,18.77,NA
08KF,1.57,30.57,0.18,0.1,0.02,0.01,NA,67.55,NA
08KG,2.26,55.58,0.1,0.19,0.01,0.38,0.17,41.32,NA
08KH,5.48,76.38,0.12,0.18,0.28,1.06,5.68,10.82,NA
08LA,5.43,73.96,0.11,0.06,0.33,0.84,7.34,11.92,NA
08LB,1.75,75.31,0.03,0.39,0.47,0.87,6.29,14.89,NA
08LC,2.39,78.79,0.03,2.96,0.97,0.31,1.84,12.71,NA
08LD,5.04,76.62,0.09,0.18,0.05,0.68,5.69,11.64,NA
08LE,5.11,71.06,0.04,2.07,1.64,0.39,2.91,16.77,NA
08LF,3.33,52.11,0.46,0.65,0.47,0.45,0.04,42.5,NA
08LG,1.94,58.15,0.01,1.42,0.38,0.57,0.09,37.43,NA
08MA,5.07,45.95,0.04,0,0,10.34,12.69,25.91,NA
08MB,1.89,54.54,0.3,0.26,0.03,0.52,0.41,42.04,NA
08MC,3.33,66.52,0.66,0.69,0.97,0.11,NA,27.73,NA
08MD,1.1,63.69,0.22,0.35,0.01,0.44,0.15,34.04,NA
08ME,2.13,50.03,0,0.09,0.09,10.25,10.77,26.64,NA
08MF,1.12,78.29,0,0.07,0.27,1.63,4.58,14.04,NA
08MG,4.51,59.07,0.03,1.93,1.13,4.81,15.89,12.63,NA
08MH,20.31,46.29,0.25,8.1,11.72,1.11,4.54,7.69,NA
08NA,1.31,57.86,1.32,0.13,0.41,8.23,13.07,17.67,NA
08NB,4.16,45.69,0.01,0.03,0,8.51,27.28,14.31,NA
08NC,3.31,55.17,0,0.01,0.04,3.63,19.85,17.99,NA
08ND,2.47,62.45,0.05,0.04,0.04,2.46,19.57,12.91,NA
08NE,4.18,73.7,0.03,0.58,0.73,0.71,4.03,16.05,NA
08NF,0.82,53.98,0.01,0.04,0,11.42,5.91,27.81,0.01
08NG,1.84,71.76,0.02,0.53,0.86,2.03,1.2,21.77,NA
08NH,3.46,69.26,0.09,1.73,0.64,1.6,6.56,16.67,NA
08NJ,2.91,69.95,0.01,0.01,0.6,2.53,5.59,18.41,NA
08NK,0.55,65.17,0.01,0.17,0.56,8.59,2.11,22.85,NA
08NL,0.68,62.23,0.01,1.09,0.38,0.63,0.09,34.89,NA
08NM,4.59,47.85,0.02,4.45,4.19,0.35,NA,38.56,NA
08NN,0.72,75.51,0,1.14,0.51,0.06,0.05,22.01,NA
08NP,1.19,71.43,0,0.02,0.01,2,0.55,24.8,NA
